Cache_accesses = 285660
Total_number_of_unique_addresses = 8681
Total_number_of_misses = 12203
Total_number_of_hits = 273457
Miss_rate = 4.272
Hit_rate = 95.729
User time = 14673718600.000ns

--------Cache Contents---------

# 0 3704300960373 3704300960446 3704300948886 3704300939855 3704300963679 3704300938958 3704300953980 4363500794559 3704300955691 4363500794289 3704300938591 3704300960474 3704300951718 3704300963691 2627809326847 3704300958770 3704300941743 3704300947981 3704300953043 3704300960325 3704300941739 3704300952598 3704300961511 3704300939038 3704300938115 3704300958044 3704300955045 3704300939672 3704300938955 3704300941166 3704300939786 3704300963696 3704300960215 3704300960040 3704300953976 3704300957902 3704300957353 3704300948121 3704300955010 3704300948300 3704300956425 3704300960054 3985955691200 3704300962167 3704300956604 3704300960230 3704300951861 3704300957743 3704300952029 3704300960229 3704300938328 3704300957291 3704300958269 3704300953920 3704300958234 3985955690586 3704300957454 3704300953261 3704300957798 3704300964691 3704300961085 3985955691207 3704300959544 3704300959622 3704300956598 3704300953966 4363500794339 4363500794129 3704300963677 3985955691721 4363500794143 2627809326466 2627809326586 3704300957430 3704300942216 702778646857 3704300953737 3704300942570 3704300939813 3704300960364 3704300957735 174026417207 3704300958270 3704300959094 3704300960226 3704300955069 3704300959966 4363500794262 3704300965229 3704300954195 702778646896 4363500794318 2627809326546 4363500794140 3704300960205 174026417099 3704300960358 3704300959348 3704300952102 3704300941371 3704300956627 3704300957134 3704300956591 2627809326755 251391422389 2627809326846 3985955691450 4363500794328 4363500794330 3704300957457 3704300960465 3704300953746 3704300955702 3704300940768 3704300960218 3704300964685 3704300959713 3704300953926 3704300956589 3704300956402 3704300957030 3704300957167 3704300938954 3704300944575 3704300953970 2627809326508 4363500794285 3704300938186 4363500794297 4363500794543 3704300939848 3704300952021 3704300956380 3704300960224 3704300941778 3704300961633 702778646990 3704300938418 3704300953738 3704300942533 3704300963674 3704300959983 3704300953259 702778646867 3704300953742 3704300959982 3704300942146 702778646872 3985955691723 3704300956173 4363500794261 3704300940159 4363500794365 3704300939766 3704300966661 3704300953876 3704300955710 3704300944370 3704300939999 3704300960194 3704300959952 3704300952987 702778646991 3704300939983 3985955691578 3704300939120 3704300944367 3704300940912 3704300953270 3704300953371 3704300945449 3704300941222 3704300953250 3704300940952 3704300965961 3704300957361 3704300940793 3985955691476 3704300951884 3985955691203 3704300940916 3704300942204 3985955691208 3704300954392 3704300952651 3985955690894 3985955690663 3704300942858 3704300963683 3704300956455 3704300957407 2627809326767 3985955691201 3704300958227 3704300941198 3704300955092 3704300956391 4363500794359 3704300956398 3704300943988 3704300957715 3704300956389 3704300955700 3704300953743 3704300966104 3704300940468 3704300938278 3704300938231 3704300942441 3704300964692 3704300947899 3704300948444 3704300961175 3704300944028 3704300951856 3704300957388 3704300957356 3704300965333 3704300955385 3704300953257 3704300953353 3704300941719 3985955691712 3704300953271 3704300960539 3704300957247 3704300951915 3985955691555 3704300964547 3704300954025 3704300948117 3704300953330 3704300962186 3704300954030 3704300957952 3704300958728 174026417171 2627809326463 3985955690906 3704300938808 3704300943436 3704300954402 3704300938921 3704300951889 3704300943320 3704300953971 3704300959146 3704300953933 3704300953748 3704300965904 3704300942072 4363500794128 3704300959759 251391422451 3704300952167 3704300941935 3704300957750 3704300959779 3704300957542 3704300939746 3704300951516 3704300939798 3704300963682 3704300958230 3704300953264 3704300963675 3704300959775 3704300961074 702778646903 702778646876 3704300966368 702778646874 3704300942086 3704300964344 4363500794249 4363500794336 3704300954240 3704300954763 4363500794356 3704300943666 3704300959200 702778646908 3985955690947 3704300958544 3704300953885 3704300942424 3704300940275 3704300948634 3985955691696 3704300941804 3704300942201 3704300955160 2627809326781 3704300957362 3704300958218 3704300941933 3985955691564 3704300949101 3704300939892 3704300958730 3704300942031 251391422444 702778646858 3704300961025 3704300961093 3704300959150 3704300939772 3704300941892 3704300957559 3704300939818 3704300939664 3985955691165 3704300941815 3704300941704 4363500794357 3704300952109 3704300966260 3704300959898 3704300952402 3704300957552 3704300948731 3704300955124 3704300940717 3704300953969 3704300952150 3704300961080 3704300962094 3704300964694 702778646880 3704300958785 3704300941451 3704300960467 3704300960223 3704300954027 3704300942985 3704300960007 702778646873 4363500794529 3704300939045 3704300943316 3704300956154 3704300941939 3704300938285 3704300961031 3704300953751 3704300957980 3704300963704 3985955691709 3704300953323 3704300943668 3704300941766 3704300955697 2627809326681 2627809326675 3704300955051 3704300958724 3704300958749 3704300963688 3704300955665 3704300948885 3704300959918 3704300958155 3704300940914 3704300957166 3704300965782 3704300959778 3704300963706 3704300959957 3704300962096 3704300959745 2627809326584 3704300960326 3704300940003 3704300958582 3704300958002 3704300955009 2384994529236 251391422378 3704300954136 3704300953327 3704300939623 3704300942404 4363500794154 3704300938970 2384994529215 3704300960331 3985955691720 3704300939662 3704300957982 3704300955137 3704300955081 3704300958020 3704300960961 3704300958656 3704300960379 3704300945227 3704300954126 3704300939176 4363500794263 174026416893 3704300951890 3985955691718 3704300954133 3704300963699 3704300951918 3704300955096 3704300938308 4363500794347 3704300955551 3704300953326 3704300956419 3704300955084 3704300958773 251391422448 3704300939737 174026417190 3704300942164 3704300961048 3704300964467 3704300960232 3704300956262 3704300958266 3704300939049 3704300958740 3704300939463 3704300957992 3704300945248 3704300958776 3704300942178 3704300949105 3704300958254 3704300955179 3704300959770 3704300951886 3704300942512 3704300955102 3704300960453 702778646999 3704300955462 3704300958665 702778646859 3704300947738 3704300954415 3704300940744 3704300958755 3704300959998 3704300941189 3704300957806 3704300951515 3704300960342 3704300964408 3704300958777 3704300958763 3704300960227 3704300958752 251391422463 3704300952152 3704300953923 251391422458 3704300942624 3704300952188 3704300942091 2627809326768 3704300959214 3704300956416 3704300960248 3985955690713 3704300954189 3704300941783 3704300960204 3704300938177 3704300960390 3704300958726 174026417162 3704300958729 3704300955025 3704300941233 3704300959925 3704300957526 2627809326456 3704300940531 251391422447 3704300957987 3704300951545 3704300958682 3704300959212 3704300939744 2627809326769 3704300960438 3704300957355 3704300958238 3704300955151 3704300963703 3704300958677 3704300940481 3704300960193 3704300939869 3704300939355 3704300960386 3704300939352 3704300960430 3704300955156 3704300938622 3704300944047 3704300960468 3704300955107 3704300958722 3985955691716 3704300948732 3704300939414 3704300960008 3704300942191 3704300960031 3704300945413 3704300955133 2627809326685 3704300955540 3704300944035 3704300954197 3704300943653 3704300959772 3704300938939 4363500794838 3704300942095 3704300942176 3704300939145 3704300957997 3704300940974 3704300955352 3704300958759 3704300963698 3704300947898 3704300961087 3704300939742 3704300952460 3704300959803 3704300960246 3704300964395 3704300957983 3704300960207 3704300957959 3704300938920 3704300939185 3704300959765 3704300957961 3704300960234 3704300938956 3704300957963 3704300941629 3985955691713 3704300961053 3704300961046 3704300938976 3704300964637 3704300947896 3985955691385 3704300940763 3704300959804 3704300938872 2627809326779 3704300961082 3704300940954 3704300955094 3704300960385 3985955691715 3704300944029 3704300944034 3704300960443 3704300961063 3704300960387 3704300960423 3704300943314 3704300955703 702778646906 3704300956092 3704300953922 3704300952428 3704300938968 3704300938201 4363500794299 3704300960384 3704300942416 3704300939187 2627809326782 3704300955046 3704300940884 3704300942545 3704300955663 3704300947890 3704300940961 3704300938258 174026417155 3704300960202 4363500794326 174026417159 3704300939492 3704300939377 3704300942175 3704300958842 3704300962174 2627809326734 3704300939973 3704300939723 3704300947880 3704300955709 3704300960235 3704300963681 3704300943671 702778646895 3704300940943 3704300958789 3704300958258 4363500794482 3704300960035 3704300939395 2627809326760 3704300961487 3704300954503 3704300942140 3704300961028 3704300939021 3704300938964 3704300956570 3704300960038 2627809326765 3704300954401 3704300939325 2627809326775 3704300938972 174026417153 2627809326753 3704300938190 3704300961874 3704300957746 3704300939842 3704300942420 3704300947850 174026416790 3704300960509 3704300959210 3704300958263 3704300938962 3704300960481 3704300942419 3704300960450 3704300953256 3704300957747 3704300961858 3704300966048 3704300963711 3704300938211 3704300953368 251391422460 3704300960388 3704300942160 3704300939694 3704300938564 3704300961566 3704300951905 3704300959216 3704300959215 4363500794171 3704300948122 3704300942235 3704300939713 3704300938605 3704300940697 3704300939852 3704300959196 174026416968 3704300939820 3704300939808 3704300945272 3704300943987 3704300939896 3704300938120 3704300940970 3704300938313 3704300938112 3704300939378 3704300939989 3704300957757 3704300953276 3704300963686 3704300938127 3704300939810 3704300941443 3704300957956 3704300943778 3704300965960 3704300938214 3704300958239 3704300965486 3704300942415 3704300953265 2627809326687 3704300942181 2627809326533 3704300958213 3704300942530 3704300940918 3704300942227 3704300939383 3704300947891 3704300939738 3704300953279 3985955690789 3704300948133 3704300961494 3704300940542 702778646911 3704300942251 3704300940004 3704300942438 3704300940799 3704300939150 3704300957413 3704300940033 3704300942542 3704300965501 3704300941941 3704300943780 3704300940945 3704300940939 3704300945434 3704300962164 3704300938877 3704300961032 3704300940791 3704300940928 3704300942184 3704300945421 3704300959798 3704300940949 3704300939003 3704300952269 3704300939776 3704300938601 3704300959198 3704300951864 3704300948109 3704300942536 3704300953268 3704300948777 3704300939868 3704300942866 3704300939877 3704300940684 3704300965320 3704300942219 3704300964555 3704300944557 3704300938579 3704300961078 3704300938836 3704300957795 3704300940711 3704300940698 3704300940685 3704300942458 3704300945412 3704300948568 3704300953253 3704300948519 3704300959193 3704300939606 3704300943984 3704300957986 3704300942145 3704300939720 3704300939348 3704300938805 3704300939724 3704300939663 3704300948796 3704300939374 3704300939752 3704300941621 3704300959192 3704300939399 3704300958794 3704300942872 3704300939984 3704300942403 3704300940539 3704300938569 3704300945441 3704300940709 3704300956298 3704300939994 3704300960327 3704300945277 3704300960511 3704300938365 3704300963694 3704300942266 4363500794165 3704300953960 3704300940543 3704300956975 3704300940942 3704300945447 3704300941141 3704300954236 251391422424 3704300959207 3704300942199 3704300947876 3704300942569 3704300938113 3704300951916 3704300945269 3704300943818 3704300942268 3704300948794 3704300961276 3704300959173 3704300966632 3704300938252 3704300940933 3704300957723 3704300939470 3704300961532 3704300942190 3704300959186 3704300957366 3704300945261 3704300939770 3704300940710 3704300941139 3704300940724 3704300955104 3985955691206 174026416941 3704300953739 3704300938867 3704300960371 3704300941942 3704300938123 3704300959208 3704300941445 3985955690585 2627809326891 3704300951871 3704300939338 3704300939715 3704300959976 3704300941165 3704300957910 3704300938566 3704300943647 3704300942106 3704300944335 3704300945409 3704300945233 3704300961083 3985955691502 3704300957737 3704300940527 702778646879 3704300941452 3704300942460 3704300959962 3704300956397 3704300939626 3704300951862 251391422459 3704300940483 3704300941132 3704300961044 3704300945172 3704300945165 3704300959204 3704300957307 3704300959758 4363500794003 3704300961495 3704300942124 3704300942082 3704300938199 3704300959199 3704300940991 3704300957176 3704300955026 3704300954174 3704300947881 3704300939617 3704300940931 174026416899 3704300959964 3704300942555 3704300938314 3704300939472 3985955691722 3704300942450 2384994529206 3704300938187 3704300938223 3704300938596 3704300937937 3704300939767 3704300940935 4363500794150 3704300934735 3704300960378 3704300939471 4363500794264 3704300941460 3704300963702 3985955690911 4363500794325 3704300955093 3704300938800 4363500794334 3704300955098 3704300955666 3704300958883 3704300961500 3704300943066 3704300938125 3704300942186 174026417156 3704300939675 3704300961051 3704300953054 3704300959195 3704300961102 3704300964545 3704300948924 702778646889 3704300939968 3704300942453 3704300960329 3704300939058 3704300952193 3704300938623 3704300940188 3704300959667 3704300960352 3704300957372 3704300965939 3704300938235 3704300942412 3704300942250 3704300942444 3704300942422 3704300939781 3704300938878 3704300955669 3704300938284 3704300959899 3985955691725 3704300953693 3704300955080 3704300963700 3704300958114 3704300942560 3704300955097 3704300940962 3704300938768 3704300954498 3704300954502 3704300963705 3704300941182 3704300944036 4363500794997 3704300947757 3704300959958 3704300958257 3704300954800 3704300940751 3704300959941 3704300953344 3704300941465 4363500794745 3704300945451 3704300953750 3704300954949 3704300940467 4363500794123 3704300943437 3704300957719 3704300957720 3704300959892 3704300957506 3704300943749 3704300954786 4363500794277 3704300953932 702778646864 3704300959202 3704300959895 3704300953454 3704300942590 3985955691724 3704300939336 3704300939464 3704300939900 3704300938122 3704300938950 3704300942102 3704300960389 3704300954026 174026417165 3704300941171 3704300959205 3704300942510 3704300942584 3704300964514 3704300938230 3704300961630 3704300959194 3704300939607 3704300945448 3704300940688 4363500794319 3704300942402 251391422425 3985955691714 702778646900 3704300951840 3704300947730 3704300940752 702778646893 3704300951860 702778646897 3704300943002 3704300943323 702778646898 3704300938174 3704300945174 702778646899 3704300940755 702778646865 3704300939859 3704300943315 3704300942568 3704300941457 3704300960055 3704300957953 3704300939826 3704300952268 3704300955736 3985955691700 3704300960323 3704300954946 2627809326548 3704300943667 3704300958249 3704300939860 3704300943646 2627809326778 3704300942847 3704300953417 174026417185 702778646892 3704300961041 3704300945166 3704300942220 3704300960483 3704300939476 3704300947750 3704300941173 3704300953953 3704300939341 3704300953262 3704300948743 3704300938276 3985955690326 3704300938587 3704300940005 3704300961030 3704300945236 3704300939789 3704300938874 3704300939851 3704300939879 3704300939335 3704300956751 3704300953420 3704300942126 3704300939743 3704300945438 3704300945436 3704300943657 3704300940874 3704300942101 3704300945427 3704300938600 3704300939846 3704300961081 3704300941468 3704300957531 3704300939717 3704300938208 4363500794323 3704300958768 3704300959181 3704300938268 3704300959197 3704300942144 3704300947895 3704300940957 2627809326566 3704300943672 3704300940967 3704300964537 3704300940289 3704300959171 3704300940715 3704300955044 174026417191 3704300959201 3704300938592 3704300942981 3704300959189 3704300956600 3704300940971 3704300940012 3704300938602 4363500794478 3704300939040 3704300940009 3985955691499 4363500794338 702778646905 4363500794256 3704300953266 2627809326569 3704300959889 2627809326467 3704300959890 3704300939763 3704300959183 2627809326565 3704300940881 4363500794243 3704300951900 3704300959948 3704300942867 3704300959999 3704300958985 3704300960328 3704300940699 3704300938225 3704300959179 4363500794288 3704300939867 3704300947859 3704300953962 3704300939829 3704300952397 3704300941794 3704300951857 702778646868 3704300939685 4363500794331 3704300958974 3704300955641 3704300957370 3704300939873 702778646863 3704300963693 3704300942174 3704300944641 3704300940988 3704300940007 3704300945471 3704300964393 3704300945276 3704300938267 702778646904 3704300952964 3704300959168 3704300948961 3704300948594 3704300955110 3704300943255 3704300942128 3704300953752 3704300939732 3704300939416 3704300945220 3704300938969 2627809326539 3704300939659 3704300938992 3704300938871 3704300939764 3704300939039 3704300938923 3704300939596 3704300938866 3704300940725 3704300940673 3704300939394 3704300953141 3704300938315 3704300953927 3704300955065 3704300942116 3704300939584 3704300959190 3704300945249 3704300954765 702778647025 3704300942231 3704300940534 3704300939387 3704300945262 4363500794443 3704300958209 3704300940537 3704300939344 3704300958144 3704300938119 3704300939370 3704300940295 3704300959797 3704300939048 3704300945243 3704300938863 174026416778 4363500794439 4363500794114 3704300953322 3704300940721 3704300957989 3704300952036 3704300959203 3704300939727 3704300951858 3704300955695 3704300939196 3704300959322 3704300952984 3704300941454 3704300945217 3704300957302 3704300958141 3704300939835 2627809326763 2627809326770 3704300939327 3704300942267 3704300944032 3704300939337 3704300939708 3704300940013 3704300953937 3704300942427 3704300942030 3704300942588 3704300942141 3704300942177 3704300938754 3704300942523 3704300945252 3704300938343 3704300939166 3704300938200 3704300965381 3704300944372 3704300938116 3704300942846 3704300951887 3704300960780 3985955690509 3704300952264 3704300939147 3704300942558 3704300938875 3704300951892 3704300939329 3704300938990 3704300939624 3704300942433 3704300942703 3985955691205 3704300945420 3704300942189 3704300940973 3704300955692 3704300953757 3704300939198 3704300940541 3704300942554 3704300940932 3704300940683 3704300960475 3704300940029 3704300945429 3704300957744 4363500794144 3704300953275 3704300941831 3704300942149 3704300938226 3985955691142 3704300960433 3704300947816 3704300957410 3704300942586 3704300939331 3704300955127 3704300958248 3704300939151 3704300938873 3704300957415 3704300963695 3704300960463 3704300939098 174026416973 3704300939608 3704300940540 3704300951919 3704300957753 3704300944428 3704300951911 3704300947745 3704300939051 3704300942113 3704300945168 3704300945440 3704300940674 3704300939009 3704300942566 3704300953891 3704300939669 3704300963710 3704300947741 251391422439 3704300952673 3704300938598 3704300940532 3704300960456 3704300955083 3704300939988 3704300938197 3704300954753 3704300940946 3704300951835 3704300960454 3704300941474 3704300958678 3985955690473 3985955691503 3704300965176 3704300959213 3704300939885 3704300961857 2627809326761 3704300955103 3704300958255 3985955690909 3704300965282 3704300940253 3704300940750 3704300953251 3704300963707 3704300940956 3704300942524 3704300940963 3704300958581 3704300953258 3704300961178 3704300942159 3704300938582 3704300942249 3704300965281 702778646901 3704300938209 3704300957975 3704300942203 3704300940742 3704300956831 3704300955705 3704300942208 3704300939197 3704300941237 3704300959187 3704300943254 3704300939356 3704300945439 3704300941215 3704300961593 702778646875 3704300960466 3704300938287 3704300952683 3704300951901 3704300939688 3704300938176 3704300961501 3704300944371 3704300939415 3704300961036 3704300940987 3704300940032 3704300938967 3704300948590 3704300940465 3704300959764 3704300960377 3704300955048 3704300939687 3704300938989 3704300938922 3985955690907 3704300939191 3704300955052 4363500794244 3704300961514 251391422457 3704300939182 3704300961987 3704300948571 3704300941172 3985955691428 3704300940753 3704300941459 2627809326562 3704300942406 3704300939384 3704300964512 3704300951885 4363500794353 3985955690908 702778647006 3704300959188 3704300951869 3704300953741 3704300938994 3704300963687 3704300959169 3704300938952 3704300945232 3704300965916 3704300959174 3704300942409 3704300940700 3704300963697 3704300942565 3704300941959 3704300939478 3704300940536 3704300938196 3704300959986 3704300955028 3704300940672 3704300959950 3704300960510 3704300942120 3704300940883 702778646890 3704300953263 3704300942393 3704300943650 3704300953274 3704300963690 3704300959980 3704300953186 3704300939728 3704300942463 3704300958780 2627809326686 3704300959172 3704300954408 3985955691313 3704300938218 3704300942080 3704300964515 3704300938219 3704300939479 3704300942223 3704300952186 3704300957979 3704300957985 3704300952274 3704300963685 3704300956117 3704300940321 3704300953029 3704300961959 3985955691479 3704300944353 3704300939379 3704300942169 702778646861 4363500794001 3704300953328 3704300953331 2627809326511 3704300942197 3704300955099 4363500793945 3704300958329 3704300957163 3704300958441 3704300940944 3704300953979 3704300938973 3704300953416 3704300942265 2627809326850 3704300939711 3704300942260 3704300940693 3704300954787 3704300942142 3704300938974 3704300947774 3704300955735 3704300942559 3704300938264 3704300939605 3704300938870 3704300939674 3704300959175 3704300959191 2627809326465 3704300940727 3704300938577 3704300939861 3704300938834 3704300960221 3704300940696 3704300938254 3704300953421 3704300938606 3704300939880 3704300938799 3704300945268 3704300953930 3704300941168 3704300957519 3704300945169 3704300963680 2627809326510 3704300960222 702778646866 3704300939729 3704300939071 4363500794315 3704300957741 3704300955707 3704300961076 3704300939850 3704300940691 3704300945435 3704300939593 3704300942109 3704300948026 4363500794265 3704300942578 3704300951891 3704300940093 3704300943819 3704300943071 3704300953749 3704300953756 3704300957742 3704300953324 702778646878 3704300940937 3704300953329 3704300943777 702778646862 3704300953325 3704300955152 3704300954029 702778646877 3704300942108 3704300939619 3704300960228 3704300965775 3704300939340 3704300959184 3704300939995 3704300942561 3704300964833 3704300940879 3704300959177 3704300951910 3704300945408 3704300951696 3704300939878 3704300938612 3704300965311 3704300948861 3704300955008 3704300941477 3704300952678 3704300959185 3704300941238 3704300953928 3704300942133 3704300961029 3704300939604 3704300959182 3704300938565 3704300960233 3704300963708 3704300948996 3704300947737 3704300945428 3704300939825 3704300938270 3704300953255 3704300959802 3704300939716 3704300959176 3704300939328 3704300940948 3704300940533 3704300957749 3704300957958 3704300959767 2627809326512 3704300945265 3704300959959 3704300938117 3704300940869 3704300959170 3704300940447 3704300940795 3704300959777 3704300959769 3704300959209 3704300963709 3704300957443 3704300942564 3704300941192 4363500794258 3704300959178 3704300939773 3704300938578 3704300952140 3704300938611 3704300941458 3704300940741 3704300942548 3704300938961 3704300940723 3704300938281 3704300940694 3704300938965 3704300939043 3985955690951 3704300942394 3704300942539 3704300940720 3704300960353 3704300939184 3985955691386 3704300939183 3704300959098 3704300962166 3704300939491 3704300948144 3704300948141 3704300939042 3704300955129 2627809326553 3704300941787 251391422426 3704300944693 3704300939181 3704300940882 3704300942049 3704300940747 3704300940876 4363500794363 3704300940701 3704300938357 3985955691330 3704300940345 3704300939041 3704300942435 3704300957996 3704300944651 3704300939020 3704300964548 3704300941811 3704300965637 3704300957555 3704300959211 3704300939044 3704300961679 2627809326551 174026417186 3704300964911 3704300945423 3704300934737 3704300944550 702778646891 3704300965940 3704300938926 3704300964642 3704300940526 3704300964693 3704300939792 3704300957993 3704300939594 3704300941162 3704300953273 3704300957544 3704300941130 3704300959754 3704300953363 3704300943665 3985955691601 702778646902 3704300964888 3704300956091 4363500794276 3704300940965 3704300963701 3704300966021 3704300959939 3985955691447 3704300954790 3704300942339 2627809326845 3704300951912 3704300961079 3704300965609 3704300952100 3704300957547 3704300938232 3704300954339 3704300953260 3704300942428 4363500794251 3704300963676 3704300942573 3704300951743 702778646856 3704300961077 3704300959926 3704300963689 3704300955629 3985955691604 3704300942212 3704300959910 3704300956418 3704300955122 3985955691717 2627809326464 3704300960220 4363500794332 702778646881 2627809326684 3704300944352 3704300956300 3704300955035 3704300961084 4363500794528 3704300960238 3704300956952 3704300938782 3704300957397 3704300942567 2627809326674 3704300955711 2627809326749 3985955691508 3704300958224 2627809326682 2627809326683 3704300953754 3704300939680 3704300966288 702778646870 3704300939797 3704300964912 702778647005 3704300964342 3704300953254 3704300939858 3704300957358 702778646860 3704300960494 3704300954028 3704300944045 3704300957892 3704300942813 3704300951909 174026417118 3704300961027 3704300961086 3704300953747 3704300951870 3704300940354 3704300940008 3704300942746 3704300959760 3704300943700 3704300960225 3704300955138 3704300948661 3704300957367 3704300944393 3704300953267 4363500794131 3704300944369 2627809326509 3704300939585 3704300937934 174026417093 3704300952986 3704300941205 3704300966249 3704300941167 3704300939530 3985955690950 3704300958253 3704300957955 3704300944660 3704300962100 174026417196 3704300959781 3704300941463 3704300954972 3704300938272 174026417193 4363500794151 3704300938261 3704300938256 3704300941466 3704300940936 3704300958747 3704300939627 3704300942455 3704300958251 3704300955699 3704300942459 3704300939857 3704300964518 3704300951888 3704300956359 3704300951837 4363500794519 3985955691613 3704300938561 3704300943985 3704300939749 3704300938957 3704300940953 3704300938191 3704300948407 3704300955101 3704300966366 3704300942583 3704300943365 3704300952483 3704300961026 3704300957994 3704300960320 3704300953931 3704300942033 3704300965109 3704300957425 3704300944549 3704300938194 3704300943318 3704300955701 3704300959206 3704300948745 3704300955095 3704300955351 702778646894 3985955690809 3704300960473 3704300957713 3704300945388 4363500794253 3704300947858 3704300955154 3704300955061 174026417112 3704300958679 3704300963678 3704300953925 4363500794136 4363500794149 3704300964903 3704300960365 4363500794145 3704300965901 3704300955067 3704300957736 3704300941790 3704300955049 3704300953638 3704300956631 3704300958748 4363500794320 3704300958229 3704300966416 3985955690576 3704300938178 4363500794317 3704300965420 3704300958117 3704300959949 3704300955040 3704300959979 3704300941456 174026416876 174026416947 3704300963684 3704300955696 3704300953717 3704300957445 3704300939750 3704300959525 3704300958720 3704300955038 3704300951903 3704300939228 3704300942386 3704300952617 251391422436 3704300964571 3704300955557 3704300960322 3704300957755 3704300956603 3704300953958 3704300956629 3704300958736 174026417106 3704300959997 3704300953938 3704300959523 3704300960336 3704300942167 3704300955066 3704300940787 174026416869 4363500795005 3704300959954 3704300939690 3704300958001 3704300945258 3704300953278 3704300955064 3704300956625 3704300947746 3704300954752 3704300949049 3704300939854 3704300963692 3704300957545 3704300954404 3704300939140 3704300938189 3704300955386 3704300955039 2627809326727 3704300960469 3704300957447 3704300944030 3704300960355 3985955690530 702778646992 3985955690949 4363500794307 3704300942410 3704300953640 3704300953269 3704300941464 3704300951842 3704300938563 3704300953252 3704300952098 3704300960241 3704300940138 3704300959973 3704300959180 4363500794309 3704300957740 3704300960213 3704300960237 3704300939143 4363500794002 3704300965126 3704300942451 3704300934736 3704300939807 3704300955706 4363500794355 3704300959331 3704300955091 3704300948441 3704300951914 4363500794300 3704300953277 3704300942864 3704300959943 3704300958583 3704300958271 3704300957954 2627809326541 3704300942193 3704300939802 3704300942430 702778646993 3704300961752 174026416906 3704300958250 4363500794314 2627809326544 3985955691719 3985955691638 251391422430 3704300957639 3704300956845 3704300955041 3704300960247 3704300955693 3704300960508 3704300958693 3704300964535 3704300945329 3704300962232 702778646907 3704300965140 702778646871 4363500794159 3704300961258 3704300944354 3704300955088 3704300955165 3704300948992 3704300958989 3704300942447 3704300965298 3704300938192 3704300966536 3704300954953 3704300953272 3704300957957 3704300948650 3704300957147 3985955691630 3704300942550 
